注：每小时测一次，1代表设备正常，2代表设备休眠，0代表设备故障；第一个采样点为6：00，按小时依次递增。


地点	设备编号	周一	                          周二	                          周三	                          周四	                          周五	                          周六	                          周天
人民公园
        1	111111111111222222222222	111111111111222222222222	111111111111222222222222	111111111111222222222222	111111111111222222222222	111111111111222222222222	111111111111222222222222
	2	111111111111222222222222	111111111111222222222222	111111111111222222222222	111111111111222222222222	111111111111222222222222	111111111111222222222222	111111111111222222222222
	3	111111111111222222222222	111111111111222222222222	111111111111222222222222	111111111111222222222222	111111111111222222222222	111111111111222222222222	111111111111222222222222
	4	111111111111222222222222	111111111111222222222222	111111111111222222222222	111111111111222222222222	111111111111222222222222	111111111111222222222222	111111111111222222222222
	5	111111111111222222222222	111111111111222222222222	111111111111222222222222	111111111111222222222222	111111111111222222222222	111111111111222222222222	111111111111222222222222
	6	111111111111222222222222	111111111111222222222222	111111111111222222222222	111111111111222222222222	111111111111222222222222	111111111111222222222222	111111111111222222222222
	7	111111111111222222222222	111111111111222222222222	111111111111222222222222	111111111011222222222222	111111111111222222222222	111111111111222222222222	111111111111222222222222
	8	111111111111222222222222	111111111111222222222222	111111111111222222222222	111111111111222222222222	111111111111222222222222	111111111111222222222222	111111111111222222222222
	9	111111111111222222222222	111111111111222222222222	111111111111222222222222	111111111111222222222222	111111111111222222222222	111111111111222222222222	111111111111222222222222
	10	111111111111222222222222	111111111111222222222222	111111111111222222222222	111111111111222222222222	111111111111222222222222	111111111111222222222222	111111111111222222222222
	11	111111111111222222222222	111111111111222222222222	111111111111222222222222	111111111111222222222222	111111111111222222222222	111111111111222222222222	111111111111222222222222
	12	111111111111222222222222	111111111111222222222222	111111111111222222222222	111111111111222222222222	111111111111222222222222	111111111111222222222222	111111111111222222222222
	13	111111111111222222222222	111111111111222222222222	111111111111222222222222	111111111111222222222222	111111111111222222222222	111111111111222222222222	111111111111222222222222
	14	111111111111222222222222	111111111111222222222222	111111111111222222222222	111111111111222222222222	111111111111222222222222	111111111111222222222222	111111111111222222222222
	15	111111111111222222222222	111111111111222222222222	111111111111222222222222	111111111111222222222222	111111111111222222222222	111111111111222222222222	111111111111222222222222
	16	111111111111222222222222	111111111111222222222222	111111111111222222222222	111111111111222222222222	111111111111222222222222	111111111111222222222222	111111111111222222222222
	17	111111111111222222222222	111111111111222222222222	111111111111222222222222	111111111111222222222222	111111111111222222222222	111111111111222222222222	111111111111222222222222
	18	111111111111222222222222	111111111111222222222222	111111111111222222222222	111111111111222222222222	111111111111222222222222	111111111111222222222222	111111111111222222222222
	19	111111111111222222222222	111111111111222222222222	111111111111222222222222	111111111111222222222222	111111111111222222222222	111111111111222222222222	111111111111222222222222
	20	111111111111222222222222	111111111111222222222222	111111111111222222222222	111111111111222222222222	111111111111222222222222	111111111111222222222222	101111111111222222222222
生物园广场	
        21	111111111111222222222222	111111111111222222222222	111111111111222222222222	111111111111222222222222	111111111111222222222222	111111111111222222222222	111111111111222222222222
	22	111111111111222222222222	111111111111222222222222	111111111111222222222222	111111111111222222222222	111111111111222222222222	111111111111222222222222	111111111111222222222222
	23	111111111111222222222222	111111111111222222222222	111111111111222222222222	111111111111222222222222	111111111111222222222222	111111111111222222222222	111111111111222222222222
	24	111111111111222222222222	111111111111222222222222	111111111111222222222222	111111111111222222222222	111111111111222222222222	111111111111222222222222	111111111111222222222222
	25	111111111111222222222222	111111111111222222222222	111111111111222222222222	111111111111222222222222	111111111111222222222222	111111111111222222222222	111111111111222222222222
	26	111111111111222222222222	111111111111222222222222	111111111111222222222222	111111111111222222222222	111111111111222222222222	111111111111222222222222	111111111111222222222222
	27	111111111111222222222222	111111111111222222222222	111111111111222222222222	111111111111222222222222	111111111111222222222222	111111111111222222222222	111111111111222222222222
	28	111111111111222222222222	111111111111222222222222	111111111111222222222222	111111111111222222222222	111111111111222222222222	111111111111222222222222	111111111111222222222222
	29	111111111111222222222222	111111111111222222222222	111111111111222222222222	111111111111222222222222	111111111111222222222222	111111111111222222222222	111111111111222222222222
	30	111111111111222222222222	111111111111222222222222	111111111111222222222222	111111111111222222222222	111111111111222222222222	111111111111222222222222	111111111111222222222222
朝阳广场	
        31	111111111111222222222222	111111111111222222222222	111111111111222222222222	111111111111222222222222	111111111111222222222222	111111111111222222222222	111111111111222222222222
	32	111111111111222222222222	111111111111222222222222	111111111111222222222222	111111111111222222222222	111111111111222222222222	111111111111222222222222	111111111111222222222222
	33	111111111111222222222222	111111111111222222222222	111111111111222222222222	111111111111222222222222	111111111111222222222222	111111111111222222222222	111111111111222222222222
	34	111111111111222222222222	111111111111222222222222	111111111111222222222222	111111111111222222222222	111111111111222222222222	111111111111222222222222	111111111111222222222222
	35	111111111111222222222222	111111111111222222222222	111111111111222222222222	111111111111222222222222	111111111111222222222222	111111111111222222222222	111111111111222222222222
	36	111111111111222222222222	111111111111222222222222	111111111111222222222222	111111111111222222222222	111111111111222222222222	111111111111222222222222	111111111111222222222222
	37	111111111111222222222222	111111111111222222222222	111111111111222222222222	111111111111222222222222	111111111111222222222222	111111111111222222222222	111111111111222222222222
	38	111111111111222222222222	111111111111222222222222	111101111111222222222222	111111111111222222222222	111111111111222222222222	111111111111222222222222	111111111111222222222222
	39	111111111111222222222222	111111111111222222222222	111111111111222222222222	111111111111222222222222	111111111111222222222222	111111111111222222222222	111111111111222222222222
	40	111111111111222222222222	111111111111222222222222	111111111111222222222222	111111111111222222222222	111111111111222222222222	111111111111222222222222	111111111111222222222222
	41	111111111111222222222222	111111111111222222222222	111111111111222222222222	111111111111222222222222	111111111111222222222222	111111111111222222222222	111111111111222222222222
	42	111111111111222222222222	111111111111222222222222	111111111111222222222222	111111111111222222222222	111111111111222222222222	111111111111222222222222	111111111111222222222222
	43	111111111111222222222222	111111111111222222222222	111111111111222222222222	111111111111222222222222	111111111111222222222222	111111111111222222222222	111111111111222222222222
	44	111111111111222222222222	111111111111222222222222	111111111111222222222222	111111111111222222222222	111111111111222222222222	111111111111222222222222	111111111111222222222222
	45	111111111111222222222222	111111111111222222222222	111111111111222222222222	111111111111222222222222	111111111111222222222222	111111111111222222222222	111111111111222222222222
青海大学	
        46	111111111111222222222222	111111111111222222222222	111111111111222222222222	111111111111222222222222	111111111111222222222222	111111111111222222222222	111111111111222222222222
	47	111111111111222222222222	111111111111222222222222	111111111111222222222222	111111111111222222222222	111111111111222222222222	111111111111222222222222	111111111111222222222222
	48	111111111111222222222222	111111111111222222222222	111111111111222222222222	111111111111222222222222	111111111111222222222222	111111111111222222222222	111111111111222222222222
	49	111111111111222222222222	111111111111222222222222	111111111111222222222222	111111111111222222222222	111111111111222222222222	111111111111222222222222	111111111111222222222222
	50	111111111111222222222222	111111111111222222222222	111111111111222222222222	111111111111222222222222	111111111111222222222222	111111111111222222222222	111111111111222222222222
香格里拉	
        51	111111111111222222222222	111111111111222222222222	111111111111222222222222	111111111111222222222222	111111111111222222222222	111111111111222222222222	111111111111222222222222
	52	111111111111222222222222	111111111111222222222222	111111111111222222222222	111111111111222222222222	111111111111222222222222	111111111111222222222222	111111111111222222222222
	53	111111111111222222222222	111111111111222222222222	111111111111222222222222	111111111111222222222222	111111111111222222222222	111111111111222222222222	111111111111222222222222
	54	111111111111222222222222	111111111111222222222222	111111111111222222222222	111111111111222222222222	111111111111222222222222	111111111111222222222222	111111111111222222222222
	55	111111111111222222222222	111111111111222222222222	111111111111222222222222	111111111111222222222222	111111111111222222222222	111111111111222222222222	111111111111222222222222
	56	111111111111222222222222	111101111111222222222222	111111111111222222222222	111111111111222222222222	111111111111222222222222	111111111111222222222222	111111111111222222222222
	57	111111111111222222222222	111111111111222222222222	111111111111222222222222	111111111111222222222222	111111111111222222222222	111111111111222222222222	111111111111222222222222
	58	111111111111222222222222	111111111111222222222222	111111111111222222222222	111111111111222222222222	111111111111222222222222	111111111111222222222222	111111111111222222222222
	59	111111111111222222222222	111111111111222222222222	111111111111222222222222	111111111111222222222222	111111111111222222222222	111111111111222222222222	111111111111222222222222
	60	111111111111222222222222	111111111111222222222222	111111111111222222222222	111111111111222222222222	111111111111222222222222	111111111111222222222222	111111111111222222222222
王府花园	
        61	111111111111222222222222	111111111111222222222222	111111111111222222222222	111111111111222222222222	111111111111222222222222	111111111111222222222222	111111111111222222222222
	62	111111111111222222222222	111111111111222222222222	111111111111222222222222	111111111111222222222222	111111111111222222222222	111111111111222222222222	111111111111222222222222
	63	111111111111222222222222	111111111111222222222222	111111111111222222222222	111111111111222222222222	111111111111222222222222	111111111111222222222222	111111111111222222222222
	64	111111111111222222222222	111111111111222222222222	111111111111222222222222	111111111111222222222222	111111111111222222222222	111111111111222222222222	111111111111222222222222
	65	111111111111222222222222	111111111111222222222222	111111111111222222222222	111111111111222222222222	111111111111222222222222	111111111111222222222222	111111111111222222222222
	66	111111111111222222222222	111111111111222222222222	111111111111222222222222	111111111111222222222222	111111111111222222222222	111111111111222222222222	111111111111222222222222
	67	111111111111222222222222	111111111111222222222222	111111111111222222222222	111111111111222222222222	111111111111222222222222	111111111111222222222222	111111111111222222222222
	68	111111111111222222222222	111111111111222222222222	111111111111222222222222	111111111111222222222222	111111111111222222222222	111111111111222222222222	111111111111222222222222
	69	111111111111222222222222	111111111111222222222222	111111111111222222222222	111111111111222222222222	111111111111222222222222	111111111111222222222222	111111111111222222222222
	70	111111111111222222222222	111111111111222222222222	111111111111222222222222	111111111111222222222222	111111111111222222222222	111111111111222222222222	111111111111222222222222
盐湖新苑	
        71	111111111111222222222222	111111111111222222222222	111111111111222222222222	111111111111222222222222	111111111111222222222222	111111111111222222222222	111111111111222222222222
	72	111111111111222222222222	111111111111222222222222	111111111111222222222222	111111111111222222222222	111111111111222222222222	111111111111222222222222	111111111111222222222222
	73	111111111111222222222222	111111111111222222222222	111111111111222222222222	111111111111222222222222	111111111111222222222222	111111111111222222222222	111111111111222222222222
	74	111111111111222222222222	111111111111222222222222	111111111111222222222222	111111111111222222222222	111111111111222222222222	111111111111222222222222	111111111111222222222222
	75	111111111111222222222222	111111111111222222222222	111111111111222222222222	111111111111222222222222	111111111111222222222222	111111111111222222222222	111111111111222222222222
	76	111111111111222222222222	111111111111222222222222	111111111111222222222222	111111111111222222222222	111111111111222222222222	111111111111222222222222	111111111111222222222222
	77	111111111111222222222222	111111111111222222222222	111111111111222222222222	111111111111222222222222	111111111111222222222222	111111111111222222222222	111111111111222222222222
	78	111111111111222222222222	111111111111222222222222	111111111111222222222222	111111111111222222222222	111111111011222222222222	111111111111222222222222	111111111111222222222222
	79	111111111111222222222222	111111111111222222222222	111111111111222222222222	111111111111222222222222	111111111111222222222222	111111111111222222222222	111111111111222222222222
	80	111111111111222222222222	111111111111222222222222	111111111111222222222222	111111111111222222222222	111111111111222222222222	111111111111222222222222	111111111111222222222222
湟家花园	
        81	111111111111222222222222	111111111111222222222222	111111111111222222222222	111111111111222222222222	111111111111222222222222	111111111111222222222222	111111111111222222222222
	82	111111111111222222222222	111111111111222222222222	111111111111222222222222	111111111111222222222222	111111111111222222222222	111111111111222222222222	111111111111222222222222
	83	111111111111222222222222	111111111111222222222222	111111111111222222222222	111111111111222222222222	111111111111222222222222	111111111111222222222222	111111111111222222222222
	84	111111111111222222222222	111111111111222222222222	111111111111222222222222	111111111111222222222222	111111111111222222222222	111111111111222222222222	111111111111222222222222
	85	111111111111222222222222	111111111111222222222222	111111111111222222222222	111111111111222222222222	111111111111222222222222	111111111111222222222222	111111111111222222222222
	86	111111111111222222222222	111111111111222222222222	111111111111222222222222	111111111111222222222222	111111111111222222222222	111111111111222222222222	111111111111222222222222
	87	111111111111222222222222	111111111111222222222222	111111111111222222222222	111111111111222222222222	111111111111222222222222	111111111111222222222222	111111111111222222222222
	88	111111111111222222222222	111111111111222222222222	111111111111222222222222	111111111111222222222222	111111111111222222222222	111111111111222222222222	111111111111222222222222
	89	111111111111222222222222	111111111111222222222222	111111111111222222222222	111111111111222222222222	111111111111222222222222	111111111111222222222222	111111111111222222222222
	90	111111111111222222222222	111111111111222222222222	111111111111222222222222	111111111111222222222222	111111111111222222222222	111111111111222222222222	111111111111222222222222
景林佳苑	
        91	101111111111222222222222	111111111111222222222222	111111111111222222222222	111111111111222222222222	111111111111222222222222	111111111111222222222222	111111111111222222222222
	92	111111111111222222222222	111111111111222222222222	111111111111222222222222	111111111111222222222222	111111111111222222222222	111111111111222222222222	111111101111222222222222
	93	111111111111222222222222	111111111111222222222222	111111111111222222222222	111111111111222222222222	111111111111222222222222	111111111111222222222222	111111111111222222222222
	94	111111111111222222222222	111111111111222222222222	111111111111222222222222	111111111111222222222222	111111111111222222222222	111111111111222222222222	111111111111222222222222
	95	111111111111222222222222	111111111111222222222222	111111111111222222222222	111111111111222222222222	111111111111222222222222	111111111111222222222222	111111111111222222222222
	96	111111111111222222222222	111111111111222222222222	111111111111222222222222	111111111111222222222222	111111111111222222222222	111111111111222222222222	111111111111222222222222
	97	111111111111222222222222	111111111111222222222222	111111111111222222222222	111111111111222222222222	111111111111222222222222	111111111111222222222222	111111111111222222222222
	98	111111111111222222222222	111111111111222222222222	111111111111222222222222	111111111111222222222222	111111111111222222222222	111111111111222222222222	111111111111222222222222
	99	111111111111222222222222	111111111111222222222222	111111111111222222222222	111111111111222222222222	111111111111222222222222	111111111111222222222222	111111111111222222222222
	100	111111111111222222222222	111111111111222222222222	111111111111222222222222	111111111111222222222222	111111111111222222222222	111111111111222222222222	111111111111222222222222
								

设备7-人民公园周四第10个采样点故障；设备20-人民公园周天第2 个采样点故障；设备40-朝阳广场周三第5个采样点故障；
设备56-香格里拉周二第5个采样点故障；设备78-盐湖新苑周五第10个采样点故障；设备91-景林佳苑周一第2个采样点故障；
设备92-景林佳苑周天第8个采样点故障；								
